2.999961390e-09 4.000079818e-03
6.999969493e-09 5.600080825e-03
1.100003733e-08 2.400079742e-03
1.100003733e-08 4.800080322e-03
1.500004565e-08 -7.199919783e-03
1.500004565e-08 1.600080170e-03
1.800000682e-08 3.200080246e-03
2.100002838e-08 -3.199920058e-03
2.600002347e-08 1.600080170e-03
3.100001678e-08 8.000778034e-04
3.200000620e-08 3.200080246e-03
3.299999207e-08 -3.199920058e-03
3.399997794e-08 8.000778034e-04
3.499996737e-08 2.400079742e-03
3.999996068e-08 -1.599919982e-03
4.099995010e-08 1.600080170e-03
4.800003595e-08 5.600080825e-03
5.199998654e-08 8.800079115e-03
5.400001868e-08 8.000778034e-04
5.500000810e-08 8.800079115e-03
5.599999398e-08 8.000778034e-04
5.900001554e-08 1.600080170e-03
6.400001240e-08 1.600080170e-03
6.900000926e-08 4.000079818e-03
7.499998844e-08 4.800080322e-03
7.700002413e-08 1.040010061e-02
8.200001389e-08 3.360010311e-02
8.300000331e-08 4.320009798e-02
8.600002843e-08 9.200009704e-02
9.399997936e-08 3.896000087e-01
9.499996878e-08 4.432000220e-01
9.700000447e-08 5.351999998e-01
9.899997622e-08 6.352000237e-01
1.029999837e-07 8.736000061e-01
1.039999731e-07 9.120000005e-01
1.049999625e-07 9.527999163e-01
1.059999448e-07 9.935999513e-01
1.069999911e-07 1.035200000e+00
1.109999985e-07 1.176800013e+00
1.150000131e-07 1.252799988e+00
1.159999954e-07 1.281599998e+00
1.190000205e-07 1.274399996e+00
1.209999851e-07 1.253600001e+00
1.219999746e-07 1.230399966e+00
1.230000350e-07 1.211199999e+00
1.309999789e-07 9.551999569e-01
1.329999577e-07 9.095999599e-01
1.340000040e-07 8.952000737e-01
1.379999475e-07 7.608000040e-01
1.399999832e-07 6.335999966e-01
1.419999620e-07 5.640000105e-01
1.440000545e-07 4.720000029e-01
1.450000440e-07 4.328000247e-01
1.470000086e-07 3.720000088e-01
1.530000020e-07 2.104000002e-01
1.550000377e-07 1.712000221e-01
1.560000129e-07 1.568000019e-01
1.570000023e-07 1.488000005e-01
1.629999815e-07 1.015999988e-01
1.639999709e-07 8.400010318e-02
1.710000106e-07 5.360009894e-02
1.710000106e-07 5.760009959e-02
1.749999541e-07 4.320009798e-02
1.760000004e-07 3.600009903e-02
1.790000255e-07 3.280010074e-02
1.790000255e-07 3.440010548e-02
1.840000152e-07 2.720009908e-02
1.890000050e-07 2.640010044e-02
1.930000195e-07 2.160009742e-02
1.940000089e-07 1.760010049e-02
1.949999984e-07 2.240009978e-02
2.079999462e-07 1.360010076e-02
2.089999924e-07 1.840009913e-02
2.110000281e-07 1.040010061e-02
2.110000281e-07 1.840009913e-02
2.129999928e-07 1.600009948e-02
2.140000532e-07 1.760010049e-02
2.189999861e-07 1.600009948e-02
2.189999861e-07 1.840009913e-02
2.210000218e-07 1.520009805e-02
2.219999971e-07 2.880010381e-02
2.229999865e-07 1.600009948e-02
2.239999759e-07 1.920009777e-02
2.270000010e-07 8.800079115e-03
2.349999875e-07 1.280009840e-02
2.360000337e-07 1.040010061e-02
2.370000232e-07 1.040010061e-02
2.460000132e-07 2.400079742e-03
2.470000311e-07 2.400079742e-03
2.490000099e-07 5.600080825e-03
2.499999709e-07 5.600080825e-03
2.530000245e-07 -7.999222726e-04
2.550000033e-07 7.200079970e-03
2.560000212e-07 -3.199920058e-03
2.580000000e-07 -2.399920486e-03
2.619999862e-07 -7.999222726e-04
2.680000080e-07 -7.999222726e-04
2.750000192e-07 1.200009976e-02
2.870000060e-07 6.400079466e-03
2.919999815e-07 4.000079818e-03
2.999999822e-07 -2.399920486e-03
3.070000218e-07 2.400079742e-03
3.080000113e-07 3.200080246e-03
3.099999901e-07 1.600080170e-03
3.139999762e-07 5.600080825e-03
3.149999941e-07 4.000079818e-03
3.149999941e-07 8.000080474e-03
3.169999729e-07 -2.399920486e-03
3.190000086e-07 -3.999919631e-03
3.210000159e-07 -1.599919982e-03
3.220000053e-07 -1.599919982e-03
3.250000020e-07 4.800080322e-03
3.309999954e-07 4.800080322e-03
3.380000066e-07 -7.199919783e-03
3.390000245e-07 -7.199919783e-03
3.400000139e-07 -3.199920058e-03
3.420000212e-07 -1.599919982e-03
3.429999822e-07 8.000080474e-03
3.489999756e-07 3.200080246e-03
3.509999829e-07 -7.999222726e-04
3.530000185e-07 -1.599919982e-03
3.550000258e-07 -1.599919982e-03
3.550000258e-07 -1.599919982e-03
3.560000152e-07 -7.999920286e-03
3.580000225e-07 8.000778034e-04
3.589999835e-07 -3.199920058e-03
3.589999835e-07 -2.399920486e-03
3.629999981e-07 -1.599919982e-03
3.639999875e-07 -2.399920486e-03
3.669999842e-07 8.000778034e-04
3.680000020e-07 -5.599920172e-03
3.710000271e-07 -7.199919783e-03
3.710000271e-07 -2.399920486e-03
3.720000166e-07 7.916241884e-08
3.750000133e-07 -5.599920172e-03
3.759999743e-07 -6.399920676e-03
3.769999921e-07 1.600080170e-03
3.809999782e-07 1.600080170e-03
3.829999855e-07 -6.399920676e-03
3.829999855e-07 2.400079742e-03
3.839999749e-07 -4.799920134e-03
3.870000000e-07 -5.599920172e-03
3.870000000e-07 -3.999919631e-03
3.929999934e-07 -3.199920058e-03
3.949999723e-07 -4.799920134e-03
3.959999901e-07 7.916241884e-08
3.979999974e-07 7.916241884e-08
4.020000119e-07 -5.599920172e-03
4.040000192e-07 8.000778034e-04
4.119999915e-07 -3.999919631e-03
4.149999882e-07 -3.199920058e-03
4.149999882e-07 1.600080170e-03
4.190000027e-07 -3.999919631e-03
4.210000100e-07 1.600080170e-03
4.250000245e-07 1.600080170e-03
4.269999749e-07 -3.199920058e-03
4.269999749e-07 -2.399920486e-03
4.299999716e-07 8.800079115e-03
4.319999789e-07 -7.999222726e-04
4.360000219e-07 8.000778034e-04
4.390000186e-07 4.000079818e-03
4.410000258e-07 5.600080825e-03
4.459999730e-07 -1.599919982e-03
4.469999908e-07 7.200079970e-03
4.469999908e-07 5.600080825e-03
4.479999802e-07 -3.199920058e-03
4.530000126e-07 7.916241884e-08
4.550000199e-07 -9.599920362e-03
4.550000199e-07 -3.199920058e-03
4.589999776e-07 -1.599919982e-03
4.589999776e-07 -1.599919982e-03
4.609999849e-07 -3.999919631e-03
4.619999743e-07 -1.119989995e-02
4.629999921e-07 -2.399920486e-03
4.639999815e-07 -1.599919982e-03
4.659999888e-07 -2.399920486e-03
4.669999782e-07 7.916241884e-08
4.679999961e-07 7.916241884e-08
4.740000179e-07 -3.199920058e-03
4.750000073e-07 -6.399920676e-03
