0.000000000e+00 -3.999919631e-03
9.999870931e-10 7.729977369e-08
1.999974186e-09 -7.199919783e-03
3.999948373e-09 4.000079818e-03
1.100003733e-08 7.200079970e-03
1.200002409e-08 -3.199920058e-03
1.399999849e-08 7.729977369e-08
1.600003330e-08 -3.199920058e-03
1.899999447e-08 6.400079466e-03
2.200001425e-08 2.400080673e-03
2.399998955e-08 6.400079466e-03
2.700000934e-08 3.200079314e-03
2.799999699e-08 1.600081101e-03
3.099995993e-08 -5.599920638e-03
3.200000620e-08 5.600078963e-03
3.299999207e-08 8.000768721e-04
3.699993911e-08 -2.399920486e-03
3.899997481e-08 -7.999213412e-04
3.999996068e-08 3.200079314e-03
4.399997167e-08 -3.199920058e-03
4.500001793e-08 7.729977369e-08
4.600000381e-08 2.400080673e-03
5.199998654e-08 8.000768721e-04
5.400001868e-08 -4.799920134e-03
5.599999398e-08 -4.799920134e-03
5.699997985e-08 6.400079466e-03
5.799996927e-08 7.729977369e-08
6.399994845e-08 -4.799920134e-03
6.499999472e-08 7.729977369e-08
6.899994531e-08 -6.399920210e-03
7.299995275e-08 3.200079314e-03
7.399994217e-08 8.000768721e-04
7.599997787e-08 4.800080322e-03
7.800000645e-08 9.600079618e-03
8.300000331e-08 4.240009561e-02
8.499997506e-08 6.800010055e-02
8.800000018e-08 1.280000061e-01
9.399997936e-08 4.367999732e-01
9.599995821e-08 5.351999998e-01
9.999996564e-08 7.271999717e-01
1.029999837e-07 8.807999492e-01
1.039999731e-07 9.111999869e-01
1.079999805e-07 1.150400043e+00
1.150000131e-07 1.405599952e+00
1.169999848e-07 1.445600033e+00
1.180000311e-07 1.449599981e+00
1.200000099e-07 1.451200008e+00
1.229999640e-07 1.399199963e+00
1.249999855e-07 1.353600025e+00
1.279999680e-07 1.290400028e+00
1.299999894e-07 1.203199983e+00
1.359999828e-07 9.991999865e-01
1.419999620e-07 6.280000210e-01
1.439999977e-07 5.159999728e-01
1.450000440e-07 4.887999594e-01
1.460000334e-07 4.639999568e-01
1.489999875e-07 3.512000144e-01
1.499999769e-07 3.352000117e-01
1.560000129e-07 2.287999988e-01
1.570000023e-07 2.176000178e-01
1.589999812e-07 1.816000044e-01
1.610000169e-07 1.511999965e-01
1.620000063e-07 1.272000074e-01
1.649999604e-07 1.055999994e-01
1.659999498e-07 9.360010177e-02
1.679999855e-07 8.080010861e-02
1.689999749e-07 7.520010322e-02
1.699999501e-07 7.120010257e-02
1.709999395e-07 6.480009854e-02
1.719999858e-07 6.160010025e-02
1.759999435e-07 4.560010135e-02
1.819999795e-07 3.440010175e-02
1.850000046e-07 3.760010004e-02
1.869999835e-07 2.960010245e-02
1.899999944e-07 2.320010215e-02
1.919999733e-07 2.320010215e-02
1.940000089e-07 1.760010049e-02
1.969999630e-07 2.240009978e-02
1.999999881e-07 2.240009978e-02
2.040000027e-07 1.680010185e-02
2.040000027e-07 1.680010185e-02
2.059999673e-07 1.200009976e-02
2.069999567e-07 2.480009943e-02
2.099999818e-07 2.320010215e-02
2.199999756e-07 1.280010026e-02
2.239999759e-07 1.520009991e-02
2.279999904e-07 8.000078611e-03
2.279999904e-07 1.200009976e-02
2.310000013e-07 4.800080322e-03
2.329999802e-07 1.120010111e-02
2.339999696e-07 1.600009575e-02
2.380000126e-07 2.400080673e-03
2.390000020e-07 1.200009976e-02
2.420000271e-07 1.120010111e-02
2.439999776e-07 4.800080322e-03
2.470000027e-07 -3.999919631e-03
2.479999921e-07 -2.399920486e-03
2.479999921e-07 -3.199920058e-03
2.489999815e-07 2.400080673e-03
2.499999709e-07 4.000079818e-03
2.509999604e-07 -3.199920058e-03
2.519999782e-07 -3.199920058e-03
2.559999928e-07 -7.999213412e-04
2.580000000e-07 -7.999920286e-03
2.609999683e-07 -4.799920134e-03
2.669999617e-07 -5.599920638e-03
2.679999795e-07 7.729977369e-08
2.679999795e-07 -7.999920286e-03
2.700000152e-07 -8.799919859e-03
2.719999941e-07 -5.599920638e-03
2.789999769e-07 -5.599920638e-03
2.849999703e-07 -1.599919982e-03
2.870000060e-07 4.800080322e-03
2.879999954e-07 -2.399920486e-03
2.959999676e-07 8.000768721e-04
2.989999643e-07 -7.999213412e-04
3.019999895e-07 8.000768721e-04
3.050000146e-07 -3.199920058e-03
3.080000113e-07 -6.399920210e-03
3.159999835e-07 -6.399920210e-03
3.169999729e-07 7.729977369e-08
3.199999981e-07 7.729977369e-08
3.229999948e-07 -3.199920058e-03
3.240000126e-07 8.000768721e-04
3.269999809e-07 -7.999920286e-03
3.279999703e-07 8.000768721e-04
3.279999703e-07 -6.399920210e-03
3.359999994e-07 -4.799920134e-03
3.410000033e-07 -4.799920134e-03
3.429999822e-07 -1.599919982e-03
3.479999862e-07 -6.399920210e-03
3.479999862e-07 -4.799920134e-03
3.509999829e-07 -6.399920210e-03
3.529999901e-07 3.200079314e-03
3.560000152e-07 3.200079314e-03
3.570000047e-07 -7.199919783e-03
3.579999941e-07 1.600081101e-03
3.609999624e-07 -6.399920210e-03
3.629999696e-07 -6.399920210e-03
3.679999736e-07 -1.599919982e-03
3.700000093e-07 -6.399920210e-03
3.739999954e-07 -7.999920286e-03
3.759999743e-07 -6.399920210e-03
3.779999815e-07 -7.199919783e-03
3.789999710e-07 -4.799920134e-03
3.819999677e-07 -5.599920638e-03
3.839999749e-07 -7.199919783e-03
3.849999644e-07 4.000079818e-03
3.859999822e-07 -5.599920638e-03
3.890000073e-07 8.000768721e-04
3.910000146e-07 -3.199920058e-03
3.919999756e-07 -8.799919859e-03
3.929999650e-07 -8.799919859e-03
3.979999690e-07 -3.999919631e-03
4.009999657e-07 -3.999919631e-03
4.030000014e-07 -3.999919631e-03
4.039999908e-07 -5.599920638e-03
4.039999908e-07 -4.799920134e-03
4.119999630e-07 -5.599920638e-03
4.199999921e-07 2.400080673e-03
4.219999994e-07 5.600078963e-03
4.230000172e-07 -3.999919631e-03
4.249999961e-07 -6.399920210e-03
4.279999644e-07 -7.199919783e-03
4.289999822e-07 1.600081101e-03
4.299999716e-07 4.800080322e-03
4.349999756e-07 8.000768721e-04
4.359999934e-07 7.729977369e-08
4.479999802e-07 4.000079818e-03
4.519999663e-07 7.729977369e-08
4.560000093e-07 -1.599919982e-03
4.589999776e-07 7.729977369e-08
4.599999670e-07 -1.599919982e-03
4.639999815e-07 3.200079314e-03
4.659999888e-07 -3.199920058e-03
4.679999677e-07 -4.799920134e-03
4.679999677e-07 -7.999213412e-04
4.689999855e-07 -6.399920210e-03
4.730000001e-07 1.600081101e-03
4.789999934e-07 -5.599920638e-03
